Date;Weight;Nutrition_Comment;Defecation_Comment
2020-01-07T0840;3.34;0;0
2020-01-08T0800;3.10;0;0
2020-01-09T0836;2.97;0;0
2020-01-10T0810;3.00;1;0
2020-01-14T1132;2.97;2;0
2020-01-17T1100;3.09;3;0
2020-01-21T1430;3.22;2;0
2020-01-23T1645;3.31;4;0
2020-01-27T1005;3.50;2;1
2020-01-29T0830;3.57;2;1
2020-01-30T1045;3.58;2;0
2020-02-01T1330;3.66;3;0
2020-02-02T1100;3.70;3;1
2020-02-04T0954;3.74;4;0
2020-02-05T2105;3.80;4;0
2020-02-07T1035;3.88;3;1
2020-02-09T1245;3.96;2;0
2020-02-10T1550;4.01;3;1
2020-02-12T1145;4.07;4;0
2020-02-14T0945;4.12;4;1
2020-02-15T1830;4.15;4;0
2020-02-17T1450;4.19;3;1
2020-02-18T1615;4.22;4;1
2020-02-19T1800;4.28;2;1
2020-02-20T1735;4.30;3;1
2020-02-21T1700;4.28;4;1
2020-02-23T0905;4.39;2;0
2020-02-23T1910;4.38;3;0
2020-02-24T1430;4.42;2;1
2020-02-25T1930;4.46;2;0
2020-02-27T0940;4.47;2;1
2020-02-28T1515;4.55;3;0
2020-03-03T1640;4.64;3;0
2020-03-05T1105;4.67;3;0
2020-03-06T1400;4.74;4;0
2020-03-09T1400;4.76;3;0
2020-03-10T1645;4.79;4;0
2020-03-12T1520;4.78;2;1
2020-03-13T1230;4.81;4;0
2020-03-14T1735;4.86;2;1
2020-03-15T0945;4.81;3;0
2020-03-16T0905;4.86;3;1
2020-03-17T1530;4.88;4;0
2020-03-18T1745;4.90;4;0
2020-03-19T0900;4.91;4;0
2020-03-20T1200;4.97;4;0
2020-03-20T1625;4.96;4;1
2020-03-21T1745;4.96;4;1
2020-03-23T0745;5.03;3;1
2020-03-24T0925;5.00;4;1
2020-03-24T1850;5.05;4;0
2020-03-26T1910;5.11;2;1
2020-03-27T1443;5.10;2;1
2020-03-28T1915;5.14;2;0
2020-03-29T0920;5.17;4;1
2020-03-30T1120;5.21;4;1
2020-03-31T1055;5.21;3;1
2020-04-01T1605;5.25;4;1
2020-04-02T0750;5.27;3;1
2020-04-03T1845;5.25;4;1
2020-04-04T1045;5.25;3;1
2020-04-04T1040;5.27;3;0
2020-04-05T1555;5.28;3;1
2020-04-07T0904;5.33;3;1
2020-04-08T1805;5.32;3;0
2020-04-08T1415;5.40;2;1
2020-04-09T0910;5.41;3;0
2020-04-11T1400;5.48;3;1
2020-04-12T1829;5.40;3;1
2020-04-13T1005;5.43;2;1
2020-04-14T0930;5.45;3;1
2020-04-15T1030;5.47;2;0
2020-04-16T1120;5.53;2;1
2020-04-17T1230;5.53;2;0
2020-04-18T1215;5.54;3;0
2020-04-19T1805;5.50;3;0
2020-04-20T0855;5.55;3;1
2020-04-21T1915;5.63;3;0
2020-04-22T0935;5.57;4;1
2020-04-23T0820;5.58;4;0
2020-04-23T0920;5.68;2;1
2020-04-24T1025;5.69;2;1
2020-04-24T1015;5.71;2;0
2020-04-25T0625;5.65;4;1
2020-04-26T0800;5.67;3;1
2020-04-26T0750;5.70;2;0
2020-04-28T0845;5.65;2;1
2020-04-28T1745;5.70;3;1
2020-04-29T0705;5.76;3;0
